spawns: 
  default: 
    world: spawn
    x: -11.542991288157173
    y: 146.0
    z: -5.556460128935816
    yaw: -43.800007
    pitch: 0.6000002
