world: store
x: -182.97010894316946
y: 61.0
z: 56.21225567600928
yaw: -336.30347
pitch: -4.500038
name: Tienda
lastowner: 79303af9-01bc-4968-878e-735f916dd7b4
